Now update the TripCost project with the cleaned travel budget dataset.

Important:
- Do not change the website design.
- Do not change the TripCost logo.
- Do not change the brand colors.
- Do not change the navbar.
- Do not change the language switcher.
- Do not change dark/light mode.
- Do not change the general UI layout.
- Only update src/data/travelCountries.js and small result-card logic if needed.

Replace the entire content of:
src/data/travelCountries.js

with this exact code:

const priceNote = "Prices are rough estimates for planning only and may vary by city, season, booking time, exchange rates, visa rules, and traveler preferences.";
const seasonMultiplier = { low: 0.85, normal: 1, high: 1.25 };
const toStyle = ([hotelPerNight, foodPerDay, localTransportPerDay, activitiesPerDay]) => ({ hotelPerNight, foodPerDay, localTransportPerDay, activitiesPerDay });

const rawCountries = [
  ["Afghanistan","🇦🇫","AFN",1200,150,300,[20,8,4,5],[50,20,12,15],[150,50,40,40]],
  ["Albania","🇦🇱","ALL",700,0,200,[25,15,5,10],[60,30,15,25],[160,70,45,70]],
  ["Algeria","🇩🇿","DZD",850,100,250,[22,10,4,8],[55,22,10,20],[140,55,35,50]],
  ["Andorra","🇦🇩","EUR",800,0,300,[50,25,12,20],[110,55,25,50],[280,120,70,120]],
  ["Angola","🇦🇴","AOA",1300,100,400,[60,25,10,15],[140,60,30,40],[350,150,90,100]],
  ["Antigua and Barbuda","🇦🇬","XCD",650,0,350,[70,30,12,25],[170,70,30,65],[450,160,80,150]],
  ["Argentina","🇦🇷","ARS",1100,0,250,[25,12,4,12],[65,28,12,30],[190,70,40,90]],
  ["Armenia","🇦🇲","AMD",850,20,200,[18,10,3,8],[45,22,8,20],[130,50,25,50]],
  ["Australia","🇦🇺","AUD",1300,20,400,[60,30,15,25],[140,65,35,60],[350,140,90,160]],
  ["Austria","🇦🇹","EUR",750,0,350,[55,28,12,22],[120,60,25,55],[320,140,75,140]],
  ["Azerbaijan","🇦🇿","AZN",900,25,200,[20,12,4,10],[50,25,10,22],[150,60,35,60]],
  ["Bahamas","🇧🇸","BSD",450,0,400,[90,40,15,35],[220,90,40,85],[550,200,110,200]],
  ["Bahrain","🇧🇭","BHD",900,80,350,[45,22,10,15],[110,50,25,40],[290,120,70,100]],
  ["Bangladesh","🇧🇩","BDT",1000,50,200,[12,6,3,5],[35,15,8,12],[110,35,25,35]],
  ["Barbados","🇧🇧","BBD",600,0,400,[80,35,12,25],[200,80,35,70],[500,180,90,180]],
  ["Belarus","🇧🇾","BYN",950,60,200,[22,12,4,8],[50,25,10,18],[130,60,30,45]],
  ["Belgium","🇧🇪","EUR",700,0,350,[55,28,14,20],[130,60,28,45],[310,135,80,120]],
  ["Belize","🇧🇿","BZD",500,50,250,[35,18,6,20],[90,35,18,50],[240,80,50,120]],
  ["Benin","🇧🇯","XOF",1100,60,250,[20,12,5,10],[55,28,15,25],[150,65,45,60]],
  ["Bhutan","🇧🇹","BTN",1300,40,500,[40,20,10,30],[100,45,25,100],[400,100,70,250]],
  ["Bolivia","🇧🇴","BOB",850,160,200,[15,8,3,10],[40,18,8,25],[120,45,25,65]],
  ["Bosnia and Herzegovina","🇧🇦","BAM",750,0,200,[22,12,4,10],[50,25,10,22],[140,60,35,55]],
  ["Botswana","🇧🇼","BWP",1300,30,350,[35,15,6,25],[90,35,18,80],[450,90,60,250]],
  ["Brazil","🇧🇷","BRL",950,80,300,[25,15,5,15],[65,32,14,35],[200,80,45,100]],
  ["Brunei","🇧🇳","BND",1100,0,300,[30,15,5,10],[75,30,15,25],[200,75,40,60]],
  ["Bulgaria","🇧🇬","BGN",750,0,200,[22,12,4,10],[55,25,10,22],[140,60,30,60]],
  ["Burkina Faso","🇧🇫","XOF",1150,80,250,[18,10,4,8],[45,22,12,18],[130,55,40,45]],
  ["Burundi","🇧🇮","BIF",1250,90,300,[20,10,5,8],[50,22,15,20],[140,55,45,50]],
  ["Cambodia","🇰🇭","KHR",1000,36,200,[10,8,4,12],[30,18,10,30],[120,45,30,80]],
  ["Cameroon","🇨🇲","XAF",1100,150,300,[25,12,5,10],[60,28,15,22],[160,65,45,55]],
  ["Canada","🇨🇦","CAD",400,7,350,[60,30,14,20],[140,65,30,50],[340,140,85,140]],
  ["Cape Verde","🇨🇻","CVE",850,25,250,[30,15,6,12],[70,32,15,30],[180,75,40,75]],
  ["Central African Republic","🇨🇫","XAF",1400,150,400,[35,15,8,10],[80,35,20,20],[220,80,60,50]],
  ["Chad","🇹🇩","XAF",1350,150,400,[35,15,8,10],[85,35,22,20],[240,85,65,50]],
  ["Chile","🇨🇱","CLP",1000,0,300,[30,18,6,15],[75,38,15,35],[220,90,45,100]],
  ["China","🇨🇳","CNY",1100,140,300,[25,12,5,15],[60,28,12,35],[180,70,40,90]],
  ["Colombia","🇨🇴","COP",550,0,200,[18,10,4,12],[45,22,10,25],[140,55,35,75]],
  ["Comoros","🇰🇲","KMF",1200,50,250,[25,12,6,10],[65,28,15,22],[170,65,45,55]],
  ["Congo (Brazzaville)","🇨🇬","XAF",1200,100,350,[35,15,6,10],[85,35,18,22],[230,80,55,60]],
  ["Congo (Kinshasa)","🇨🇩","CDF",1300,100,400,[40,18,8,10],[95,40,22,22],[260,95,65,60]],
  ["Costa Rica","🇨🇷","CRC",500,0,250,[30,18,6,20],[80,38,15,50],[220,85,45,120]],
  ["Croatia","🇭🇷","EUR",800,0,300,[40,22,8,15],[95,48,18,40],[260,110,55,110]],
  ["Cuba","🇨🇺","CUP",600,25,250,[20,12,5,10],[55,28,15,25],[160,65,45,65]],
  ["Cyprus","🇨🇾","EUR",850,0,300,[45,25,10,15],[100,50,22,35],[250,110,60,90]],
  ["Czech Republic","🇨🇿","CZK",750,0,250,[35,18,8,15],[85,40,18,35],[220,90,45,90]],
  ["Denmark","🇩🇰","DKK",750,0,400,[70,35,16,25],[160,75,35,60],[380,170,95,150]],
  ["Djibouti","🇩🇯","DJF",1200,25,350,[45,20,8,12],[110,45,20,30],[280,100,60,70]],
  ["Dominica","🇩🇲","XCD",700,0,300,[50,22,8,20],[120,55,20,50],[320,120,55,120]],
  ["Dominican Republic","🇩🇴","DOP",450,10,250,[30,15,6,15],[75,35,15,40],[220,85,45,100]],
  ["Ecuador","🇪🇨","USD",650,0,200,[18,10,4,12],[45,22,10,30],[140,55,35,80]],
  ["Egypt","🇪🇬","EGP",800,25,200,[15,8,3,12],[45,18,8,35],[150,45,25,100]],
  ["El Salvador","🇸🇻","USD",450,12,200,[22,12,4,10],[55,25,10,25],[150,60,35,65]],
  ["Equatorial Guinea","🇬🇶","XAF",1300,100,400,[50,22,8,12],[130,55,22,30],[330,130,65,70]],
  ["Eritrea","🇪🇷","ERN",1200,50,300,[25,10,4,8],[60,22,12,18],[160,55,35,45]],
  ["Estonia","🇪🇪","EUR",800,0,250,[35,18,7,15],[80,40,15,35],[200,90,45,80]],
  ["Eswatini","🇸🇿","SZL",1250,0,250,[25,12,5,15],[60,28,12,35],[160,65,35,85]],
  ["Ethiopia","🇪🇹","ETB",1000,80,250,[15,8,4,10],[45,18,10,25],[140,45,35,70]],
  ["Fiji","🇫🇯","FJD",1200,0,350,[40,20,6,20],[110,45,18,55],[350,110,55,150]],
  ["Finland","🇫🇮","EUR",800,0,400,[65,32,14,22],[140,70,30,50],[340,150,85,130]],
  ["France","🇫🇷","EUR",650,0,400,[60,30,15,25],[140,65,30,55],[360,150,85,140]],
  ["Gabon","🇬🇦","XAF",1200,80,350,[45,20,8,15],[110,45,20,35],[280,110,55,85]],
  ["Gambia","🇬🇲","GMD",1000,0,200,[22,12,4,10],[55,25,10,25],[150,60,35,60]],
  ["Georgia","🇬🇪","GEL",850,0,200,[18,10,3,10],[45,20,8,25],[130,50,25,70]],
  ["Germany","🇩🇪","EUR",650,0,350,[55,28,12,20],[125,60,25,45],[310,130,75,120]],
  ["Ghana","🇬🇭","GHS",1000,60,250,[25,12,5,12],[60,28,12,28],[170,65,40,75]],
  ["Greece","🇬🇷","EUR",750,0,300,[40,22,8,15],[90,45,18,40],[260,110,50,110]],
  ["Grenada","🇬🇩","XCD",650,0,300,[55,25,8,20],[135,60,20,50],[350,130,60,130]],
  ["Guatemala","🇬🇹","GTQ",450,0,200,[20,12,4,15],[50,25,10,35],[140,60,35,85]],
  ["Guinea","🇬🇳","GNF",1150,80,300,[22,12,5,8],[55,25,15,18],[150,60,45,45]],
  ["Guinea-Bissau","🇬🇼","XOF",1200,100,300,[20,12,5,8],[55,25,15,18],[140,60,45,45]],
  ["Guyana","🇬🇾","GYD",750,0,250,[35,15,6,12],[80,32,15,30],[200,75,45,75]],
  ["Haiti","🇭🇹","HTG",500,0,300,[25,12,5,10],[65,28,15,22],[180,70,45,55]],
  ["Honduras","🇭🇳","HNL",450,0,200,[20,12,4,15],[50,25,10,35],[140,60,35,80]],
  ["Hungary","🇭🇺","HUF",750,0,250,[30,15,6,15],[75,35,15,35],[200,80,40,90]],
  ["Iceland","🇮🇸","ISK",600,0,450,[80,40,20,30],[190,85,45,80],[450,190,110,200]],
  ["India","🇮🇳","INR",950,80,200,[12,6,3,8],[35,15,8,22],[130,45,30,70]],
  ["Indonesia","🇮🇩","IDR",1050,35,200,[14,8,4,10],[40,18,10,25],[140,50,35,75]],
  ["Iran","🇮🇷","IRR",1000,80,250,[15,8,3,8],[40,18,8,20],[120,45,25,50]],
  ["Iraq","🇮🇶","IQD",950,75,300,[25,12,5,10],[65,25,15,22],[180,60,45,55]],
  ["Ireland","🇮🇪","EUR",650,0,350,[60,30,14,20],[140,65,28,50],[340,140,80,130]],
  ["Israel","🇮🇱","ILS",900,0,350,[60,30,12,20],[135,65,25,45],[330,140,75,110]],
  ["Italy","🇮🇹","EUR",700,0,350,[55,28,12,20],[130,60,25,50],[340,145,80,130]],
  ["Ivory Coast","🇨🇮","XOF",1050,80,300,[30,15,6,10],[75,32,15,22],[200,75,45,60]],
  ["Jamaica","🇯🇲","JMD",500,0,300,[45,20,8,20],[110,45,20,50],[300,110,55,120]],
  ["Japan","🇯🇵","JPY",1100,0,400,[45,25,15,20],[110,55,30,50],[300,130,80,140]],
  ["Jordan","🇯🇴","JOD",850,60,300,[30,15,6,25],[75,32,15,70],[220,80,45,160]],
  ["Kazakhstan","🇰🇿","KZT",950,0,250,[22,12,4,10],[55,25,10,22],[150,60,35,55]],
  ["Kenya","🇰🇪","KES",1000,50,300,[25,12,5,20],[65,28,15,65],[220,75,45,180]],
  ["Kiribati","🇰🇮","AUD",1600,0,350,[45,20,8,12],[110,45,18,30],[260,100,50,70]],
  ["Kuwait","🇰🇼","KWD",900,10,400,[60,30,12,15],[140,65,28,35],[360,150,80,90]],
  ["Kyrgyzstan","🇰🇬","KGS",1000,0,200,[15,8,3,10],[40,18,8,25],[120,45,25,60]],
  ["Laos","🇱🇦","LAK",1050,50,200,[12,8,3,10],[35,18,8,22],[130,45,25,65]],
  ["Latvia","🇱🇻","EUR",800,0,250,[30,15,6,12],[75,35,14,30],[190,80,40,75]],
  ["Lebanon","🇱🇧","LBP",850,0,300,[30,15,5,15],[75,35,15,35],[200,80,45,90]],
  ["Lesotho","🇱🇸","LSL",1300,150,250,[25,12,5,12],[60,28,12,30],[160,65,35,75]],
  ["Liberia","🇱🇷","LRD",1150,150,300,[35,15,6,10],[80,35,18,22],[220,80,50,55]],
  ["Libya","🇱🇾","LYD",1000,100,350,[35,15,6,10],[80,35,18,20],[220,80,50,50]],
  ["Liechtenstein","🇱🇮","CHF",800,0,450,[80,40,18,25],[190,85,40,65],[480,190,100,150]],
  ["Lithuania","🇱🇹","EUR",800,0,250,[30,15,6,12],[75,35,14,30],[190,80,40,75]],
  ["Luxembourg","🇱🇺","EUR",750,0,400,[70,35,0,20],[150,75,0,50],[360,160,60,120]],
  ["Madagascar","🇲🇬","MGA",1250,35,250,[20,10,4,15],[50,22,10,35],[150,55,35,90]],
  ["Malawi","🇲🇼","MWK",1250,50,250,[20,10,4,15],[50,22,10,40],[160,55,35,100]],
  ["Malaysia","🇲🇾","MYR",1000,0,250,[18,10,4,12],[45,22,10,30],[150,60,35,80]],
  ["Maldives","🇲🇻","MVR",1100,0,450,[50,22,10,25],[150,55,35,75],[650,150,120,220]],
  ["Mali","🇲🇱","XOF",1200,100,300,[25,12,5,8],[60,25,15,18],[160,60,45,45]],
  ["Malta","🇲🇹","EUR",800,0,300,[45,22,8,15],[100,50,18,35],[260,110,50,90]],
  ["Marshall Islands","🇲🇭","USD",1500,0,300,[55,20,8,15],[120,50,18,35],[280,110,50,80]],
  ["Mauritania","🇲🇷","MRU",1100,60,250,[25,12,6,12],[65,28,18,30],[180,65,50,75]],
  ["Mauritius","🇲🇺","MUR",1200,0,350,[45,20,8,20],[110,45,22,55],[320,110,60,140]],
  ["Mexico","🇲🇽","MXN",400,0,250,[22,14,5,15],[60,32,12,35],[190,80,40,100]],
  ["Micronesia","🇫🇲","USD",1500,0,300,[50,20,8,15],[115,50,18,35],[270,110,50,80]],
  ["Moldova","🇲🇩","MDL",800,0,200,[20,10,4,8],[45,22,8,18],[130,55,25,45]],
  ["Monaco","🇲🇨","EUR",800,0,500,[120,50,15,30],[300,110,35,90],[850,280,140,250]],
  ["Mongolia","🇲🇳","MNT",1100,0,250,[18,10,4,15],[45,20,12,45],[140,50,40,120]],
  ["Montenegro","🇲🇪","EUR",800,0,250,[25,15,5,12],[65,32,12,30],[180,75,40,80]],
  ["Morocco","🇲🇦","MAD",700,0,200,[20,12,4,12],[50,25,10,30],[160,65,35,85]],
  ["Mozambique","🇲🇿","MZN",1250,50,300,[30,15,5,15],[75,32,15,40],[200,75,45,100]],
  ["Myanmar","🇲🇲","MMK",1050,50,250,[15,8,4,10],[40,18,10,25],[130,45,30,65]],
  ["Namibia","🇳🇦","NAD",1250,0,300,[30,15,6,25],[80,35,18,70],[240,80,50,180]],
  ["Nauru","🇳🇷","AUD",1700,50,350,[60,25,10,10],[130,55,22,25],[280,110,55,60]],
  ["Nepal","🇳🇵","NPR",1000,30,200,[10,6,3,15],[30,15,8,45],[110,40,25,130]],
  ["Netherlands","🇳🇱","EUR",650,0,350,[60,30,14,20],[140,65,28,50],[340,140,80,130]],
  ["New Zealand","🇳🇿","NZD",1300,35,400,[55,30,14,30],[135,65,30,80],[330,140,85,190]],
  ["Nicaragua","🇳🇮","NIO",500,10,200,[18,10,4,12],[45,22,10,30],[130,55,35,75]],
  ["Niger","🇳🇪","XOF",1200,100,300,[25,12,5,8],[65,25,15,18],[170,60,45,45]],
  ["Nigeria","🇳🇬","NGN",1050,160,350,[30,15,6,12],[75,35,15,28],[220,85,45,75]],
  ["North Macedonia","🇲🇰","MKD",800,0,200,[20,12,4,10],[45,25,10,22],[120,55,30,55]],
  ["Norway","🇳🇴","NOK",750,0,450,[75,38,18,25],[170,80,40,60],[390,180,100,150]],
  ["Oman","🇴🇲","OMR",900,50,350,[40,20,8,15],[95,45,22,40],[270,110,60,100]],
  ["Pakistan","🇵🇰","PKR",950,60,200,[12,6,3,8],[35,15,8,20],[120,40,25,55]],
  ["Palau","🇵🇼","USD",1400,50,400,[65,25,10,30],[150,60,25,75],[360,140,70,180]],
  ["Panama","🇵🇦","PAB",500,0,250,[25,15,5,15],[65,32,12,35],[180,75,40,90]],
  ["Papua New Guinea","🇵🇬","PGK",1400,50,400,[55,22,10,25],[130,55,25,70],[320,130,70,160]],
  ["Paraguay","🇵🇾","PYG",950,0,200,[20,10,4,10],[50,22,10,25],[140,55,30,65]],
  ["Peru","🇵🇪","PEN",800,0,250,[18,10,4,20],[50,22,10,55],[160,60,35,140]],
  ["Philippines","🇵🇭","PHP",1000,0,200,[15,10,4,12],[40,20,10,30],[140,55,35,85]],
  ["Poland","🇵🇱","PLN",750,0,250,[30,15,6,12],[70,32,14,30],[180,75,40,75]],
  ["Portugal","🇵🇹","EUR",700,0,250,[35,20,8,15],[85,45,18,35],[240,100,50,90]],
  ["Qatar","🇶🇦","QAR",850,28,400,[55,25,10,20],[130,60,25,50],[350,140,80,130]],
  ["Romania","🇷🇴","RON",750,0,200,[22,12,5,10],[55,25,10,25],[150,60,35,65]],
  ["Russia","🇷🇺","RUB",1000,160,300,[22,12,5,12],[55,28,12,30],[160,70,40,80]],
  ["Rwanda","🇷🇼","RWF",1050,50,300,[25,12,5,25],[65,28,15,90],[240,75,45,300]],
  ["Saint Kitts and Nevis","🇰🇳","XCD",650,0,350,[70,30,12,20],[160,70,28,50],[420,160,75,130]],
  ["Saint Lucia","🇱🇨","XCD",650,0,350,[75,30,12,25],[170,70,30,60],[450,165,80,150]],
  ["Saint Vincent and the Grenadines","🇻🇨","XCD",700,0,350,[65,28,10,20],[150,65,25,50],[400,150,70,120]],
  ["Samoa","🇼🇸","WST",1300,0,300,[35,18,6,15],[85,40,15,40],[240,90,45,100]],
  ["San Marino","🇸🇲","EUR",750,0,300,[50,25,10,15],[110,55,22,35],[260,120,60,80]],
  ["Sao Tome and Principe","🇸🇹","STN",1200,20,250,[30,15,6,15],[70,32,15,35],[190,75,45,85]],
  ["Saudi Arabia","🇸🇦","SAR",850,120,350,[40,20,8,15],[95,45,20,40],[270,110,60,110]],
  ["Senegal","🇸🇳","XOF",1000,0,250,[25,15,5,12],[65,32,14,30],[180,75,45,75]],
  ["Serbia","🇷🇸","RSD",750,0,200,[22,12,4,10],[50,25,10,22],[140,60,35,55]],
  ["Seychelles","🇸🇨","SCR",1200,0,400,[70,30,12,25],[180,70,35,70],[500,160,90,180]],
  ["Sierra Leone","🇸🇱","SLL",1200,100,300,[25,12,6,10],[65,28,18,22],[180,65,50,55]],
  ["Singapore","🇸🇬","SGD",1050,0,400,[55,18,10,15],[140,45,22,45],[360,120,65,120]],
  ["Slovakia","🇸🇰","EUR",750,0,250,[30,15,6,12],[75,35,14,28],[190,80,40,70]],
  ["Slovenia","🇸🇮","EUR",750,0,250,[35,18,7,15],[85,40,16,35],[220,95,45,85]],
  ["Solomon Islands","🇸🇧","SBD",1500,0,350,[45,20,6,15],[110,45,18,40],[270,100,50,100]],
  ["Somalia","🇸🇴","SOS",1200,100,400,[25,10,5,5],[65,22,15,12],[180,55,45,30]],
  ["South Africa","🇿🇦","ZAR",1200,0,300,[25,15,6,20],[65,32,15,55],[220,80,45,150]],
  ["South Korea","🇰🇷","KRW",1100,10,350,[35,18,10,15],[85,40,22,40],[240,100,60,110]],
  ["South Sudan","🇸🇸","SSP",1300,100,400,[40,15,8,8],[95,35,25,18],[260,80,70,45]],
  ["Spain","🇪🇸","EUR",650,0,300,[45,22,10,18],[100,50,22,45],[280,120,65,120]],
  ["Sri Lanka","🇱🇰","LKR",1000,50,200,[12,8,4,12],[35,18,10,30],[130,45,35,85]],
  ["Sudan","🇸🇩","SDG",1100,150,300,[20,10,5,8],[50,22,15,18],[140,55,45,45]],
  ["Suriname","🇸🇷","SRD",850,25,250,[30,15,6,12],[75,32,14,28],[190,75,45,70]],
  ["Sweden","🇸🇪","SEK",750,0,400,[60,32,14,22],[140,70,30,50],[340,150,85,130]],
  ["Switzerland","🇨🇭","CHF",750,0,450,[75,38,18,25],[170,80,40,65],[420,180,100,160]],
  ["Syria","🇸🇾","SYP",1000,100,350,[20,8,4,5],[50,18,10,15],[140,45,35,40]],
  ["Tajikistan","🇹🇯","TJS",1100,50,200,[15,8,3,10],[40,18,8,25],[120,45,25,60]],
  ["Tanzania","🇹🇿","TZS",1100,50,300,[22,12,5,30],[60,28,15,90],[220,75,45,250]],
  ["Thailand","🇹🇭","THB",950,0,200,[15,10,4,12],[45,22,10,30],[150,60,35,90]],
  ["Timor-Leste","🇹🇱","USD",1300,30,250,[25,12,5,15],[60,28,12,35],[160,65,35,80]],
  ["Togo","🇹🇬","XOF",1100,60,250,[20,12,5,10],[55,25,15,22],[140,60,45,55]],
  ["Tonga","🇹🇴","TOP",1400,0,300,[40,18,6,15],[95,40,15,40],[250,90,45,100]],
  ["Trinidad and Tobago","🇹🇹","TTD",600,0,300,[50,22,8,15],[120,50,20,35],[310,120,55,90]],
  ["Tunisia","🇹🇳","TND",750,0,200,[18,10,4,10],[45,20,10,25],[130,50,30,65]],
  ["Turkey","🇹🇷","TRY",700,0,250,[25,14,5,15],[65,30,12,35],[190,75,40,100]],
  ["Turkmenistan","🇹🇲","TMT",1100,150,300,[35,12,5,15],[85,28,15,35],[220,65,40,80]],
  ["Tuvalu","🇹🇻","AUD",1800,0,350,[50,22,8,10],[110,50,18,25],[260,110,50,65]],
  ["Uganda","🇺🇬","UGX",1050,50,250,[20,10,5,20],[50,22,12,55],[180,60,40,160]],
  ["Ukraine","🇺🇦","UAH",850,0,250,[18,10,4,10],[45,20,8,22],[130,50,25,55]],
  ["United Arab Emirates","🇦🇪","AED",800,0,400,[45,22,8,20],[110,50,20,55],[320,130,65,150]],
  ["United Kingdom","🇬🇧","GBP",600,0,350,[60,28,14,22],[135,60,28,50],[330,135,75,130]],
  ["United States","🇺🇸","USD",350,0,350,[65,25,12,20],[140,60,28,50],[350,140,80,140]],
  ["Uruguay","🇺🇾","UYU",1100,0,300,[35,18,6,15],[80,40,15,35],[220,90,45,90]],
  ["Uzbekistan","🇺🇿","UZS",1000,0,200,[15,8,3,10],[40,18,8,25],[120,45,25,60]],
  ["Vanuatu","🇻🇺","VUV",1400,0,300,[45,20,6,20],[110,45,18,50],[290,110,50,120]],
  ["Vatican City","🇻🇦","EUR",700,0,350,[55,28,12,25],[130,60,25,60],[340,145,80,150]],
  ["Venezuela","🇻🇪","VES",850,30,350,[25,12,5,12],[65,28,15,30],[180,70,45,75]],
  ["Vietnam","🇻🇳","VND",950,25,200,[12,8,3,10],[35,18,8,25],[130,50,25,75]],
  ["Yemen","🇾🇪","YER",1100,50,400,[20,8,4,5],[50,18,10,12],[140,45,35,30]],
  ["Zambia","🇿🇲","ZMW",1200,50,250,[25,12,5,20],[65,28,15,55],[200,70,45,140]],
  ["Zimbabwe","🇿🇼","ZWL",1200,30,300,[30,15,6,25],[75,35,18,65],[240,85,50,160]],
];

export const travelCountries = rawCountries.map(([name, flag, currency, flightEstimate, visaCost, emergencyExtra, budget, standard, luxury]) => ({
  name,
  flag,
  currency,
  flightEstimate,
  visaCost,
  emergencyExtra,
  accuracy: "Rough estimate",
  priceNote,
  seasonMultiplier,
  budget: toStyle(budget),
  standard: toStyle(standard),
  luxury: toStyle(luxury),
}));

Also update the calculator result if needed:
- Show Estimated budget range
- Show Recommended amount
- Show this disclaimer text:
“TripCost provides rough travel budget estimates for planning purposes only. Actual prices may vary by city, season, booking time, exchange rates, visa rules, and traveler preferences.”

Budget range formula:
- minimum estimate = grandTotal * 0.9
- maximum estimate = grandTotal * 1.15
- recommended amount = grandTotal

Final checks:
- Confirm the file exports travelCountries correctly.
- Confirm there are no duplicate country names.
- Confirm the calculator still works.
- Confirm the dropdown uses the updated travelCountries array.